1.302 0.980
2.265 0.962
3.248 0.982
4.248 1.000
5.257 1.009
6.261 1.003
7.238 0.976
8.214 0.976
9.193 0.978
10.185 0.992
11.160 0.974
12.109 0.949
13.072 0.962
14.050 0.978
15.041 0.990
16.029 0.988
16.982 0.953
17.945 0.962
18.935 0.990
19.935 1.000
20.900 0.964
21.851 0.951
22.822 0.970
23.804 0.982
24.812 1.007
25.818 1.005
26.789 0.970
27.736 0.947
28.718 0.982
29.726 1.007
30.744 1.017
31.738 0.994
32.710 0.972
33.712 1.001
34.722 1.009
35.728 1.005
36.689 0.960
37.628 0.939
38.583 0.955
39.546 0.962
40.535 0.988
41.517 0.982
42.480 0.962
43.460 0.980
44.458 0.998
45.476 1.017
46.488 1.011
47.470 0.982
48.443 0.972
49.447 1.003
50.470 1.023
51.501 1.031
52.531 1.029
53.529 0.998
54.507 0.978
55.509 1.001
56.544 1.035
57.595 1.050
58.648 1.052
59.666 1.017
60.660 0.994
61.677 1.017
62.738 1.060
63.808 1.070
64.855 1.046
65.792 0.937
66.720 0.927
67.640 0.919
68.521 0.880
69.328 0.806
70.076 0.748
70.835 0.759
71.603 0.767
72.347 0.744
73.062 0.714
73.791 0.728
74.539 0.748
75.316 0.777
76.128 0.812
76.972 0.843
77.800 0.828
78.662 0.861
79.560 0.898
80.460 0.900
81.312 0.851
82.085 0.773
82.843 0.757
83.585 0.742
84.320 0.734
85.013 0.693
85.705 0.691
86.392 0.687
87.095 0.703
87.792 0.697
88.488 0.695
89.171 0.683
89.865 0.693
90.562 0.697
91.257 0.695
91.939 0.681
92.625 0.685
93.298 0.673
94.652 1.353
95.320 0.667
95.990 0.669
96.654 0.664
97.335 0.681
98.050 0.714
98.771 0.720
99.482 0.710
100.208 0.726
100.929 0.720
101.662 0.732
102.390 0.728
103.568 1.177
104.726 1.158
105.527 0.800
106.289 0.761
107.074 0.785
107.888 0.814
108.751 0.863
109.650 0.898
110.498 0.847
111.373 0.875
112.230 0.857
113.093 0.863
113.957 0.863
114.794 0.837
115.611 0.816
116.685 1.074
117.951 1.265
120.273 2.322
121.003 0.730
121.730 0.726
122.529 0.798
123.357 0.828
124.162 0.804
124.976 0.814
125.800 0.824
126.611 0.810
127.351 0.740
128.070 0.718
128.820 0.750
129.562 0.742
130.277 0.714
131.027 0.750
131.763 0.736
132.505 0.742
133.228 0.722
133.937 0.708
134.671 0.734
135.365 0.693
136.052 0.687
136.732 0.679
137.419 0.687
138.101 0.681
138.781 0.679
139.457 0.675
140.128 0.671
140.787 0.658
141.462 0.675
142.123 0.660
142.775 0.652
143.435 0.660
144.091 0.656
144.748 0.656
145.404 0.656
146.064 0.660
146.728 0.664
147.380 0.652
148.037 0.656
148.703 0.666
149.382 0.679
150.062 0.679
150.738 0.675
151.447 0.708
152.160 0.712
152.843 0.683
153.533 0.689
154.218 0.685
154.916 0.697
155.628 0.712
156.333 0.705
157.044 0.710
157.765 0.720
158.519 0.753
159.294 0.775
160.126 0.832
160.935 0.808
161.738 0.802
162.554 0.816
163.392 0.837
164.281 0.888
165.121 0.839
165.908 0.787
166.662 0.753
167.394 0.732
168.111 0.716
168.820 0.708
169.535 0.714
170.269 0.734
171.064 0.794
171.931 0.867
172.851 0.919
173.757 0.906
174.689 0.931
175.626 0.937
176.582 0.955
177.496 0.914
178.378 0.882
179.277 0.898
180.210 0.933
181.171 0.960
182.132 0.960
183.080 0.947
184.023 0.943
185.007 0.984
185.986 0.978
186.960 0.974
187.900 0.939
188.820 0.919
189.734 0.914
190.644 0.910
191.564 0.919
192.496 0.931
193.421 0.925
194.351 0.929
195.298 0.947
196.251 0.953
197.212 0.960
198.166 0.953
199.064 0.898
199.921 0.857
200.701 0.779
201.470 0.769
202.238 0.767
203.005 0.767
203.765 0.759
204.500 0.734
205.222 0.722
205.929 0.707
206.628 0.699
207.324 0.695
208.011 0.687
208.701 0.689
209.388 0.687
210.085 0.697
210.832 0.746
211.613 0.781
212.470 0.857
213.416 0.945
214.414 0.998
215.445 1.031
216.484 1.039
217.511 1.027
218.511 1.000
219.517 1.005
220.542 1.025
221.578 1.035
222.625 1.046
223.652 1.027
224.671 1.019
225.693 1.021
226.730 1.037
227.777 1.046
228.835 1.058
229.871 1.035
230.894 1.023
231.933 1.039
232.976 1.042
234.027 1.050
235.080 1.052
236.121 1.041
237.144 1.023
238.167 1.023
239.203 1.035
240.255 1.052
241.304 1.048
242.322 1.017
243.318 0.996
244.330 1.011
245.341 1.011
246.353 1.011
247.361 1.007
248.347 0.986
249.337 0.990
250.359 1.021
251.388 1.029
252.423 1.035
253.445 1.021
254.439 0.994
255.441 1.001
256.453 1.011
257.482 1.029
258.513 1.031
259.539 1.025
260.564 1.025
261.619 1.054
262.671 1.052
263.705 1.033
264.710 1.005
265.703 0.992
266.720 1.017
267.744 1.023
268.769 1.025
269.777 1.007
270.769 0.992
271.773 1.003
272.791 1.017
273.794 1.003
274.753 0.958
275.669 0.916
276.568 0.898
277.388 0.820
278.169 0.781
278.960 0.791
279.789 0.828
280.638 0.849
281.625 0.986
282.623 0.998
283.621 0.998
284.603 0.982
285.568 0.964
286.541 0.972
287.525 0.984
288.496 0.970
289.449 0.953
290.410 0.960
291.402 0.992
292.396 0.994
293.376 0.980
294.353 0.976
295.349 0.996
296.355 1.005
297.343 0.988
298.318 0.974
299.300 0.982
300.289 0.988
301.302 1.013
302.292 0.990
303.277 0.984
304.265 0.988
305.257 0.992
306.255 0.998
307.248 0.992
308.230 0.982
309.226 0.996
310.236 1.009
311.261 1.025
312.300 1.039
313.335 1.035
314.371 1.035
315.404 1.033
316.439 1.035
317.490 1.050
318.539 1.048
319.548 1.009
320.546 0.998
321.552 1.005
322.572 1.019
323.595 1.023
324.615 1.019
325.634 1.019
326.664 1.029
327.707 1.042
328.751 1.044
329.787 1.035
330.833 1.046
331.896 1.062
332.955 1.058
334.035 1.080
335.083 1.048
336.128 1.044
337.183 1.054
338.238 1.054
339.292 1.054
340.306 1.013
341.316 1.009
342.343 1.027
343.371 1.027
344.396 1.025
345.390 0.994
346.375 0.984
347.390 1.015
348.437 1.046
349.484 1.046
350.513 1.029
351.548 1.035
352.597 1.048
353.658 1.060
354.714 1.056
355.742 1.027
356.802 1.060
357.861 1.058
358.929 1.068
359.978 1.048
361.044 1.066
362.126 1.082
363.216 1.089
364.304 1.087
365.375 1.070
366.412 1.037
367.476 1.064
368.548 1.072
369.636 1.087
370.705 1.068
371.771 1.066
372.855 1.083
373.974 1.119
375.087 1.113
376.187 1.099
377.279 1.091
378.365 1.085
379.449 1.083
380.527 1.078
381.578 1.050
382.607 1.029
383.638 1.031
384.691 1.052
385.763 1.072
386.859 1.095
387.935 1.076
389.013 1.078
390.115 1.101
391.208 1.093
392.285 1.076
393.337 1.052
394.398 1.060
395.460 1.062
396.525 1.064
397.580 1.054
398.646 1.066
399.720 1.074
400.810 1.089
401.898 1.087
402.951 1.052
404.017 1.066
405.089 1.072
406.177 1.087
407.255 1.078
408.357 1.101
409.474 1.117
410.625 1.150
411.732 1.107
412.816 1.083
413.892 1.076
414.982 1.089
416.085 1.103
417.171 1.085
418.279 1.107
419.394 1.115
420.486 1.091
421.572 1.085
422.666 1.093
423.744 1.078
424.802 1.058
425.867 1.064
426.949 1.082
428.025 1.076
429.089 1.064
430.183 1.093
431.287 1.103
432.406 1.119
433.505 1.099
434.621 1.115
435.738 1.117
436.855 1.117
437.955 1.099
439.056 1.101
440.158 1.101
441.277 1.119
442.375 1.097
443.484 1.109
444.578 1.093
445.644 1.066
446.708 1.064
447.777 1.068
448.849 1.072
449.906 1.056
450.962 1.056
452.042 1.080
453.113 1.070
454.164 1.050
455.226 1.062
456.292 1.066
457.369 1.076
458.449 1.080
459.556 1.107
460.679 1.123
461.777 1.097
462.853 1.076
463.927 1.074
465.015 1.087
466.082 1.066
467.146 1.064
468.240 1.093
469.335 1.095
470.433 1.097
471.521 1.087
472.607 1.085
473.689 1.082
474.761 1.072
475.814 1.052
476.894 1.080
477.980 1.085
479.060 1.080
480.138 1.078
481.242 1.103
482.320 1.078
483.365 1.044
484.433 1.068
485.511 1.078
486.591 1.080
487.673 1.082
488.750 1.076
489.843 1.093
490.933 1.089
492.019 1.085
493.099 1.080
494.193 1.093
495.294 1.101
496.416 1.121
497.498 1.082
498.593 1.095
499.673 1.080
500.730 1.056
501.755 1.025
502.804 1.048
503.861 1.056
504.916 1.054
505.978 1.062
507.050 1.072
508.132 1.082
509.207 1.074
510.300 1.093
511.404 1.103
512.494 1.089
513.560 1.066
514.650 1.089
515.744 1.093
516.845 1.101
517.921 1.076
519.041 1.119
520.144 1.103
521.251 1.107
522.365 1.113
523.474 1.109
524.570 1.095
525.689 1.119
526.804 1.115
527.898 1.093
528.984 1.085
530.093 1.109
531.218 1.125
532.322 1.103
533.410 1.087
534.494 1.083
535.582 1.087
536.677 1.095
537.759 1.082
538.869 1.109
539.980 1.111
541.078 1.097
542.158 1.080
543.253 1.095
544.359 1.105
545.441 1.082
546.496 1.054
547.546 1.050
548.599 1.052
549.644 1.044
550.701 1.056
551.794 1.093
552.888 1.093
553.964 1.076
555.019 1.054
556.087 1.068
557.160 1.072
558.251 1.091
559.306 1.054
560.380 1.074
561.468 1.087
562.560 1.091
563.640 1.080
564.720 1.080
565.816 1.095
566.900 1.083
567.978 1.078
569.070 1.091
570.175 1.105
571.263 1.087
572.345 1.082
573.439 1.093
574.529 1.089
575.587 1.058
576.607 1.019
577.623 1.015
578.544 0.921
579.371 0.826
580.167 0.796
580.945 0.777
581.707 0.761
582.455 0.748
583.193 0.738
583.929 0.736
584.673 0.744
585.441 0.767
586.222 0.781
587.013 0.791
587.859 0.845
588.740 0.880
589.634 0.894
590.521 0.886
591.398 0.876
592.300 0.902
593.234 0.933
594.156 0.921
595.048 0.892
595.978 0.929
596.976 0.998
597.994 1.017
599.007 1.013
600.041 1.033
601.128 1.087
602.226 1.097
603.333 1.107
604.449 1.115
605.556 1.107
606.681 1.125
607.812 1.130
608.937 1.125
610.042 1.105
611.156 1.113
612.267 1.111
613.386 1.119
614.521 1.134
615.650 1.128
616.773 1.123
617.876 1.103
618.980 1.103
620.091 1.111
621.212 1.121
622.326 1.113
623.427 1.101
624.537 1.109
625.650 1.113
626.728 1.078
627.814 1.085
628.900 1.085
629.976 1.076
631.021 1.044
632.099 1.078
633.197 1.097
634.281 1.083
635.343 1.062
636.443 1.099
637.523 1.080
638.591 1.068
639.697 1.105
640.843 1.146
641.990 1.146
643.121 1.130
644.234 1.113
645.343 1.109
646.429 1.085
647.544 1.115
648.636 1.091
649.740 1.103
650.822 1.082
651.896 1.074
652.976 1.080
654.072 1.095
655.185 1.113
656.261 1.076
657.357 1.095
658.470 1.113
659.560 1.089
660.646 1.085
661.748 1.101
662.867 1.119
664.013 1.146
665.128 1.115
666.263 1.134
667.398 1.134
668.535 1.136
669.628 1.093
670.744 1.115
671.865 1.121
672.988 1.123
674.101 1.113
675.195 1.093
676.292 1.097
677.412 1.119
678.533 1.121
679.650 1.117
680.753 1.103
681.855 1.101
682.964 1.109
684.085 1.121
685.187 1.101
686.300 1.113
687.412 1.111
688.527 1.115
689.630 1.103
690.761 1.130
691.902 1.140
693.070 1.167
694.187 1.117
695.308 1.121
696.433 1.125
697.537 1.103
698.636 1.099
699.750 1.113
700.855 1.105
701.937 1.082
703.042 1.105
704.158 1.115
705.236 1.078
706.332 1.095
707.441 1.109
708.550 1.109
709.648 1.097
710.757 1.109
711.882 1.125
712.984 1.101
714.119 1.134
715.220 1.101
716.306 1.085
717.398 1.091
718.509 1.111
719.660 1.150
720.773 1.113
721.863 1.089
722.986 1.123
724.123 1.136
725.216 1.093
726.333 1.117
727.464 1.130
728.576 1.111
729.669 1.093
730.785 1.115
731.908 1.123
733.019 1.111
734.105 1.085
735.218 1.113
736.330 1.111
737.427 1.097
738.498 1.070
739.615 1.117
740.740 1.125
741.857 1.117
742.935 1.078
744.041 1.105
745.162 1.121
746.277 1.115
747.363 1.085
748.472 1.109
749.593 1.121
750.681 1.087
751.746 1.064
752.875 1.128
754.003 1.128
755.113 1.109
756.214 1.101
757.316 1.101
758.396 1.080
759.466 1.070
760.558 1.091
761.656 1.097
762.724 1.068
763.781 1.056
764.855 1.074
765.960 1.105
767.060 1.099
768.162 1.101
769.281 1.119
770.398 1.117
771.492 1.093
772.613 1.121
773.720 1.107
774.835 1.115
775.933 1.097
777.058 1.125
778.164 1.105
779.234 1.070
780.333 1.099
781.462 1.128
782.574 1.111
783.679 1.105
784.771 1.091
785.861 1.089
786.927 1.066
787.988 1.060
788.951 0.962
789.791 0.839
790.582 0.791
791.353 0.771
792.126 0.773
792.882 0.755
793.609 0.726
794.337 0.728
795.062 0.724
795.791 0.728
796.509 0.718
797.228 0.718
797.943 0.714
798.650 0.707
799.357 0.707
800.076 0.718
800.810 0.734
801.583 0.773
802.386 0.802
803.251 0.865
804.126 0.875
805.078 0.951
806.107 1.029
807.160 1.052
808.234 1.074
809.339 1.105
810.412 1.072
811.513 1.101
812.640 1.126
813.763 1.123
814.876 1.113
816.017 1.140
817.154 1.136
818.291 1.136
819.431 1.140
820.548 1.117
821.703 1.154
822.843 1.140
823.945 1.101
825.062 1.117
826.203 1.140
827.355 1.152
828.445 1.089
829.546 1.101
830.671 1.125
831.791 1.119
832.908 1.117
834.046 1.138
835.189 1.142
836.328 1.138
837.437 1.109
838.570 1.132
839.705 1.134
840.814 1.109
841.925 1.111
843.039 1.113
844.146 1.107
845.232 1.085
846.332 1.099
847.447 1.115
848.548 1.101
849.642 1.093
850.771 1.128
851.884 1.113
852.990 1.105
854.089 1.099
855.205 1.115
856.324 1.119
857.427 1.103
858.548 1.121
859.666 1.117
860.757 1.091
861.863 1.105
862.957 1.093
864.035 1.078
865.097 1.062
866.218 1.121
867.341 1.123
868.435 1.093
869.560 1.125
870.611 1.050
871.552 0.941
872.380 0.828
873.197 0.816
874.003 0.806
874.800 0.796
875.587 0.787
876.398 0.810
877.294 0.896
878.326 1.031
879.351 1.025
880.455 1.103
881.589 1.134
882.693 1.103
883.777 1.083
884.902 1.125
886.027 1.125
887.132 1.105
888.236 1.103
889.375 1.138
890.539 1.164
891.693 1.154
892.818 1.125
893.960 1.142
895.123 1.162
896.289 1.166
897.453 1.164
898.587 1.134
899.738 1.150
900.886 1.148
902.039 1.152
903.199 1.160
904.324 1.125
905.460 1.136
906.609 1.148
907.750 1.140
908.884 1.134
910.029 1.144
911.173 1.144
912.310 1.136
913.453 1.142
914.597 1.144
915.734 1.136
916.863 1.128
917.994 1.130
919.121 1.126
920.228 1.107
921.324 1.095
922.423 1.099
923.529 1.105
924.613 1.083
925.691 1.078
926.789 1.097
927.876 1.087
928.933 1.056
929.949 1.015
930.929 0.980
931.912 0.982
932.894 0.982
934.023 1.128
935.128 1.105
936.189 1.060
937.214 1.025
938.273 1.058
939.373 1.099
940.466 1.093
941.556 1.089
942.685 1.128
943.830 1.144
944.939 1.109
946.042 1.103
947.181 1.138
948.343 1.162
949.466 1.123
950.605 1.138
951.750 1.144
952.902 1.152
954.031 1.128
955.167 1.136
956.316 1.148
957.498 1.181
958.640 1.142
959.783 1.142
960.916 1.132
962.058 1.142
963.171 1.113
964.320 1.148
965.476 1.156
966.654 1.177
967.796 1.142
968.908 1.111
970.050 1.142
971.212 1.162
972.376 1.164
973.531 1.154
974.671 1.140
975.812 1.140
976.964 1.152
978.074 1.109
979.185 1.111
980.281 1.095
981.390 1.109
982.490 1.099
983.607 1.117
984.724 1.117
985.837 1.113
986.910 1.072
987.976 1.066
989.052 1.076
990.144 1.091
991.207 1.062
992.265 1.058
993.332 1.066
994.410 1.078
995.486 1.076
996.628 1.142
997.759 1.130
998.857 1.097
999.966 1.109
1001.064 1.097
1002.146 1.082
1003.207 1.060
1004.277 1.070
1005.355 1.078
1006.445 1.089
1007.542 1.097
1008.673 1.130
1009.792 1.119
1010.898 1.105
1012.037 1.138
1013.175 1.138
1014.310 1.134
1015.433 1.123
1016.578 1.144
1017.726 1.148
1018.849 1.123
1019.939 1.089
1021.062 1.123
1022.187 1.125
1023.310 1.123
1024.396 1.085
1025.517 1.121
1026.642 1.125
1027.771 1.128
1028.855 1.083
1029.957 1.101
1031.066 1.109
1032.158 1.091
1033.224 1.066
1034.312 1.087
1035.419 1.107
1036.513 1.093
1037.607 1.093
1038.699 1.091
1039.800 1.101
1040.875 1.074
1041.945 1.070
1043.025 1.080
1044.115 1.089
1045.208 1.093
1046.302 1.093
1047.396 1.093
1048.519 1.123
1049.660 1.140
1050.779 1.119
1051.919 1.140
1053.072 1.152
1054.226 1.154
1055.324 1.097
1056.414 1.089
1057.519 1.105
1058.640 1.121
1059.742 1.101
1060.876 1.134
1061.958 1.082
1062.945 0.986
1063.789 0.843
1064.599 0.810
1065.392 0.792
1066.167 0.775
1066.958 0.791
1067.736 0.777
1068.511 0.775
1069.279 0.767
1070.041 0.761
1070.802 0.761
1071.595 0.792
1072.414 0.818
1073.273 0.859
1074.308 1.035
1075.414 1.105
1076.550 1.136
1077.705 1.154
1078.845 1.140
1079.994 1.148
1081.144 1.150
1082.310 1.166
1083.480 1.169
1084.597 1.117
1085.724 1.126
1086.873 1.148
1087.982 1.109
1089.076 1.093
1090.210 1.134
1091.353 1.142
1092.511 1.158
1093.654 1.142
1094.794 1.140
1095.941 1.146
1097.107 1.166
1098.261 1.154
1099.382 1.121
1100.496 1.113
1101.613 1.117
1102.740 1.126
1103.841 1.101
1104.986 1.144
1106.132 1.146
1107.248 1.115
1108.335 1.087
1109.445 1.109
1110.576 1.130
1111.695 1.119
1112.824 1.128
1113.968 1.144
1115.113 1.144
1116.232 1.119
1117.367 1.134
1118.472 1.105
1119.576 1.103
1120.652 1.076
1121.779 1.126
1122.892 1.113
1124.021 1.128
1125.167 1.146
1126.294 1.126
1127.416 1.121
1128.529 1.113
1129.648 1.119
1130.800 1.152
1131.927 1.126
1133.074 1.146
1134.224 1.150
1135.369 1.144
1136.496 1.126
1137.646 1.150
1138.787 1.140
1139.906 1.119
1141.019 1.113
1142.150 1.130
1143.234 1.083
1144.310 1.076
1145.406 1.095
1146.480 1.074
1147.474 0.994
1148.332 0.857
1149.167 0.835
1150.003 0.835
1150.841 0.837
1151.724 0.882
1152.771 1.046
1153.980 1.208
1155.142 1.162
1156.296 1.154
1157.507 1.210
1158.722 1.214
1159.900 1.177
1161.089 1.189
1162.277 1.187
1163.449 1.171
1164.576 1.126
1165.732 1.156
1166.894 1.162
1168.017 1.123
1169.117 1.099
1170.238 1.121
1171.378 1.140
1172.529 1.150
1173.666 1.136
1174.812 1.146
1175.976 1.164
1177.134 1.158
1178.273 1.138
1179.404 1.130
1180.554 1.150
1181.738 1.183
1182.912 1.173
1184.064 1.152
1185.228 1.164
1186.390 1.162
1187.507 1.117
1188.664 1.156
1189.806 1.142
1190.939 1.132
1192.078 1.138
1193.255 1.177
1194.412 1.156
1195.554 1.142
1196.689 1.134
1197.847 1.158
1198.990 1.142
1200.148 1.158
1201.287 1.138
1202.443 1.156
1203.601 1.158
1204.738 1.136
1205.875 1.136
1207.021 1.146
1208.164 1.142
1209.283 1.119
1210.382 1.099
1211.484 1.101
1212.617 1.132
1213.769 1.152
1214.900 1.130
1216.041 1.140
1217.189 1.148
1218.333 1.144
1219.433 1.099
1220.552 1.119
1221.666 1.113
1222.765 1.099
1223.841 1.076
1224.943 1.101
1226.042 1.099
1227.160 1.117
1228.259 1.099
1229.390 1.130
1230.548 1.158
1231.683 1.134
1232.792 1.109
1233.949 1.156
1235.113 1.164
1236.218 1.105
1237.281 1.062
1238.363 1.082
1239.460 1.097
1240.585 1.125
1241.671 1.085
1242.771 1.099
1243.898 1.126
1245.029 1.130
1246.156 1.126
1247.285 1.128
1248.416 1.130
1249.535 1.119
1250.632 1.097
1251.742 1.109
1252.863 1.121
1254.027 1.164
1255.140 1.113
1256.253 1.113
1257.375 1.121
1258.507 1.132
1259.660 1.152
1260.802 1.142
1261.955 1.152
1263.101 1.146
1264.246 1.144
1265.388 1.142
1266.533 1.144
1267.667 1.134
1268.794 1.126
1269.876 1.082
1270.960 1.083
1272.093 1.132
1273.171 1.078
1274.218 1.046
1275.255 1.037
1276.326 1.070
1277.435 1.109
1278.531 1.095
1279.628 1.097
1280.763 1.134
1281.910 1.146
1283.041 1.130
1284.138 1.097
1285.275 1.136
1286.367 1.091
1287.449 1.082
1288.515 1.066
1289.593 1.078
1290.677 1.083
1291.775 1.097
1292.865 1.089
1293.947 1.082
1295.068 1.121
1296.195 1.126
1297.324 1.128
1298.425 1.101
1299.542 1.117
1300.658 1.115
1301.736 1.078
1302.796 1.060
1303.861 1.064
1304.902 1.041
1305.894 0.992
1306.853 0.958
1307.869 1.015
1308.929 1.060
1310.005 1.076
1311.048 1.042
1312.056 1.007
1313.156 1.099
1314.291 1.134
1315.378 1.087
1316.429 1.050
1317.509 1.080
1318.607 1.097
1319.689 1.082
1320.697 1.007
1321.738 1.041
1322.818 1.080
1323.886 1.068
1324.925 1.039
1326.000 1.074
1327.156 1.156
1328.263 1.107
1329.373 1.109
1330.511 1.138
1331.701 1.189
1332.857 1.156
1333.978 1.121
1335.125 1.146
1336.261 1.136
1337.398 1.136
1338.496 1.097
1339.582 1.085
1340.667 1.085
1341.781 1.113
1342.869 1.087
1343.958 1.089
1345.052 1.093
1346.162 1.109
1347.242 1.080
1348.326 1.083
1349.425 1.099
1350.546 1.121
1351.638 1.091
1352.755 1.117
1353.878 1.123
1354.980 1.101
1356.037 1.056
1357.111 1.074
1358.175 1.064
1359.253 1.078
1360.285 1.031
1361.355 1.070
1362.453 1.097
1363.527 1.074
1364.597 1.070
1365.664 1.066
1366.708 1.044
1367.753 1.044
1368.833 1.080
1369.900 1.066
1370.976 1.076
1372.044 1.068
1373.191 1.146
1374.333 1.142
1375.425 1.091
1376.566 1.140
1377.677 1.111
1378.718 1.041
1379.824 1.105
1380.980 1.156
1382.076 1.095
1383.181 1.105
1384.310 1.128
1385.441 1.130
1386.541 1.099
1387.660 1.119
1388.773 1.113
1389.873 1.099
1390.953 1.080
1392.060 1.107
1393.152 1.091
1394.199 1.046
1395.218 1.019
1396.263 1.044
1397.316 1.052
1398.351 1.035
1399.435 1.083
1400.529 1.093
1401.578 1.048
1402.521 0.943
1403.392 0.871
1404.230 0.837
1405.039 0.808
1405.824 0.785
1406.597 0.773
1407.363 0.765
1408.134 0.771
1408.896 0.761
1409.671 0.775
1410.533 0.861
1411.656 1.123
1412.750 1.093
1413.820 1.070
1414.929 1.109
1416.074 1.144
1417.228 1.154
1418.347 1.119
1419.453 1.105
1420.597 1.144
1421.744 1.146
1422.884 1.140
1423.992 1.107
1425.128 1.136
1426.277 1.148
1427.445 1.167
1428.576 1.130
1429.705 1.128
1430.841 1.136
1431.982 1.140
1433.134 1.152
1434.259 1.125
1435.388 1.128
1436.521 1.132
1437.652 1.130
1438.791 1.138
1439.900 1.109
1441.033 1.132
1442.177 1.144
1443.308 1.130
1444.427 1.119
1445.554 1.126
1446.722 1.167
1447.876 1.154
1449.011 1.134
1450.142 1.130
1451.292 1.150
1452.460 1.167
1453.636 1.175
1454.798 1.162
1455.970 1.171
1457.142 1.171
1458.310 1.167
1459.427 1.117
1460.558 1.130
1461.685 1.126
1462.816 1.130
1463.916 1.099
1465.031 1.115
1466.146 1.115
1467.265 1.119
1468.375 1.109
1469.466 1.091
1470.556 1.089
1471.621 1.064
1472.644 1.023
1473.654 1.009
1474.683 1.029
1475.761 1.078
1476.806 1.044
1477.880 1.074
1479.023 1.142
1480.154 1.130
1481.255 1.101
1482.357 1.101
1483.478 1.121
1484.603 1.125
1485.703 1.099
1486.804 1.101
1487.939 1.134
1489.074 1.134
1490.167 1.093
1491.281 1.113
1492.404 1.123
1493.521 1.117
1494.652 1.130
1495.791 1.138
1496.937 1.146
1498.074 1.136
1499.205 1.130
1500.373 1.167
1501.554 1.181
1502.705 1.150
1503.855 1.150
1505.005 1.150
1506.121 1.115
1507.218 1.097
1508.337 1.119
1509.441 1.103
1510.513 1.072
1511.650 1.136
1512.769 1.119
1513.861 1.091
1514.945 1.083
1515.892 0.947
1516.726 0.833
1518.314 1.587
1519.097 0.783
1519.884 0.787
1520.664 0.779
1521.427 0.763
1522.191 0.763
1522.966 0.775
1523.748 0.781
1524.552 0.804
1525.462 0.910
1526.476 1.013
1527.572 1.095
1528.677 1.105
1529.763 1.085
1530.849 1.085
1531.974 1.125
1533.119 1.144
1534.281 1.162
1535.416 1.134
1536.539 1.123
1537.685 1.146
1538.818 1.132
1539.947 1.128
1541.062 1.115
1542.197 1.134
1543.333 1.136
1544.482 1.148
1545.609 1.126
1546.720 1.111
1547.839 1.119
1548.957 1.117
1550.037 1.080
1551.134 1.097
1552.230 1.095
1553.296 1.066
1554.390 1.093
1555.496 1.105
1556.591 1.095
1557.683 1.091
1558.804 1.121
1559.914 1.109
1560.990 1.076
1562.111 1.121
1563.181 1.070
1564.144 0.962
1564.986 0.841
1565.814 0.828
1566.630 0.816
1567.427 0.796
1568.230 0.802
1569.046 0.816
1569.837 0.791
1570.634 0.796
1571.417 0.783
1572.203 0.785
1573.042 0.839
1573.968 0.925
1574.873 0.904
1575.789 0.916
1576.875 1.085
1578.025 1.150
1579.121 1.095
1580.250 1.128
1581.394 1.144
1582.558 1.164
1583.699 1.140
1584.839 1.140
1585.982 1.142
1587.125 1.142
1588.273 1.148
1589.398 1.125
1590.529 1.130
1591.681 1.152
1592.857 1.175
1594.011 1.154
1595.156 1.144
1596.291 1.134
1597.435 1.144
1598.591 1.156
1599.744 1.152
1600.896 1.152
1602.070 1.173
1603.251 1.181
1604.410 1.158
1605.550 1.140
1606.701 1.150
1607.843 1.142
1608.982 1.138
1610.093 1.111
1611.226 1.132
1612.359 1.132
1613.472 1.113
1614.615 1.142
1615.740 1.125
1616.861 1.121
1617.958 1.097
1619.054 1.095
1620.117 1.062
1621.150 1.033
1622.054 0.904
1622.935 0.880
1623.789 0.853
1624.607 0.818
1625.451 0.843
1626.455 1.003
1627.464 1.009
1628.570 1.105
1629.648 1.078
1630.736 1.087
1631.820 1.083
1632.914 1.093
1634.025 1.111
1635.144 1.119
1636.257 1.113
1637.406 1.148
1638.564 1.158
1639.716 1.152
1640.839 1.123
1641.986 1.146
1643.138 1.152
1644.289 1.150
1645.423 1.134
1646.572 1.148
1647.714 1.142
1648.832 1.117
1649.919 1.087
1651.007 1.087
1652.099 1.091
1653.191 1.091
1654.291 1.099
1655.425 1.134
1656.576 1.150
1657.724 1.148
1658.863 1.138
1659.994 1.130
1661.134 1.140
1662.267 1.132
1663.408 1.140
1664.562 1.154
1665.689 1.126
1666.818 1.128
1667.925 1.107
1669.052 1.126
1670.187 1.134
1671.324 1.136
1672.421 1.097
1673.509 1.087
1674.605 1.095
1675.726 1.121
1676.824 1.097
1677.947 1.123
1679.058 1.111
1680.199 1.140
1681.242 1.042
1682.179 0.937
1683.029 0.849
1683.835 0.806
1684.619 0.783
1685.435 0.816
1686.304 0.869
1687.208 0.904
1688.253 1.044
1689.376 1.123
1690.535 1.158
1691.687 1.152
1692.869 1.181
1694.062 1.193
1695.246 1.183
1696.404 1.158
1697.554 1.150
1698.734 1.179
1699.916 1.181
1701.070 1.154
1702.183 1.113
1703.320 1.136
1704.443 1.123
1705.585 1.142
1706.707 1.121
1707.816 1.109
1708.951 1.134
1710.103 1.152
1711.263 1.160
1712.400 1.136
1713.533 1.132
1714.685 1.152
1715.839 1.154
1716.968 1.128
1718.115 1.146
1719.242 1.126
1720.363 1.121
1721.480 1.117
1722.607 1.126
1723.716 1.109
1724.810 1.093
1725.921 1.111
1727.039 1.117
1728.167 1.128
1729.261 1.093
1730.396 1.134
1731.552 1.156
1732.689 1.136
1733.832 1.142
1734.966 1.134
1736.105 1.138
1737.216 1.111
1738.287 1.070
1739.248 0.960
1740.089 0.841
1740.908 0.818
1741.724 0.816
1742.527 0.802
1743.316 0.789
1744.136 0.820
1745.039 0.902
1746.197 1.158
1747.359 1.162
1748.544 1.185
1749.703 1.158
1750.884 1.181
1752.064 1.179
1753.193 1.128
1754.345 1.152
1755.482 1.136
1756.582 1.099
1757.664 1.082
1758.773 1.109
1759.873 1.099
1760.962 1.089
1762.085 1.123
1763.234 1.148
1764.386 1.152
1765.546 1.160
1766.673 1.126
1767.773 1.099
1768.876 1.103
1770.003 1.126
1771.142 1.138
1772.263 1.121
1773.406 1.142
1774.578 1.171
1775.763 1.185
1776.941 1.177
1778.140 1.199
1779.339 1.199
1780.539 1.199
1781.689 1.150
1782.845 1.156
1784.001 1.156
1785.136 1.134
1786.251 1.115
1787.390 1.138
1788.505 1.115
1789.601 1.095
1790.683 1.082
1791.787 1.103
1792.917 1.130
1794.027 1.109
1795.103 1.076
1796.189 1.085
1797.312 1.123
1798.402 1.089
1799.472 1.070
1800.542 1.070
1801.619 1.076
1802.689 1.070
1803.781 1.091
1804.898 1.117
1806.015 1.117
1807.130 1.115
1808.250 1.119
1809.357 1.107
1810.451 1.093
1811.542 1.091
1812.660 1.117
1813.767 1.107
1814.859 1.091
1815.962 1.103
1817.099 1.136
1818.224 1.125
1819.335 1.111
1820.439 1.103
1821.519 1.080
1822.572 1.052
1823.658 1.085
1824.761 1.103
1825.837 1.076
1826.941 1.103
1828.039 1.097
1829.136 1.097
1830.222 1.085
1831.353 1.130
1832.458 1.105
1833.542 1.083
1834.615 1.072
1835.726 1.111
1836.835 1.109
1837.910 1.074
1838.994 1.083
1840.082 1.087
1841.136 1.054
1842.144 1.007
1843.203 1.058
1844.306 1.103
1845.316 1.009
1846.378 1.062
1847.470 1.091
1848.548 1.078
1849.576 1.027
1850.703 1.126
1851.820 1.117
1852.888 1.068
1853.904 1.015
1854.984 1.080
1856.113 1.128
1857.208 1.095
1858.263 1.054
1859.414 1.150
1860.541 1.126
1861.640 1.099
1862.712 1.072
1863.806 1.093
1864.904 1.097
1865.988 1.083
1867.093 1.105
1868.218 1.125
1869.363 1.144
1870.470 1.107
1871.583 1.113
1872.703 1.119
1873.802 1.099
1874.904 1.101
1876.001 1.097
1877.085 1.083
1878.146 1.060
1879.197 1.050
1880.218 1.021
1881.232 1.013
1882.246 1.013
1883.310 1.064
1884.439 1.128
1885.496 1.056
1886.601 1.105
1887.742 1.140
1888.857 1.115
1889.910 1.052
1891.025 1.115
1892.130 1.105
1893.199 1.068
1894.230 1.031
1895.333 1.103
1896.476 1.142
1897.570 1.093
1898.679 1.109
1899.802 1.123
1900.894 1.091
1901.992 1.097
1903.089 1.097
1904.177 1.087
1905.207 1.029
1906.201 0.994
1907.173 0.972
1908.109 0.935
1908.957 0.847
1909.779 0.822
1910.609 0.830
1911.437 0.828
1912.259 0.822
1913.072 0.812
1913.869 0.796
1914.693 0.824
1915.732 1.039
1916.826 1.093
1917.919 1.093
1919.060 1.140
1920.216 1.156
1921.357 1.140
1922.451 1.093
1923.541 1.089
1924.626 1.085
1925.726 1.099
1926.787 1.060
1927.794 1.007
1928.884 1.089
1930.037 1.152
1931.203 1.166
1932.326 1.123
1933.441 1.115
1934.589 1.148
1935.740 1.150
1936.873 1.132
1938.017 1.144
1939.166 1.148
1940.310 1.144
1941.423 1.113
1942.537 1.113
1943.675 1.138
1944.810 1.134
1945.937 1.126
1947.035 1.097
1948.166 1.130
1949.320 1.154
1950.476 1.156
1951.611 1.134
1952.710 1.099
1953.833 1.123
1954.974 1.140
1956.109 1.134
1957.226 1.117
1958.359 1.132
1959.484 1.125
1960.609 1.125
1961.705 1.095
1962.783 1.078
1963.882 1.099
1965.011 1.128
1966.128 1.117
1967.212 1.083
1968.322 1.109
1969.437 1.115
1970.562 1.125
1971.685 1.123
1972.791 1.105
1973.919 1.128
1975.056 1.136
1976.191 1.134
1977.294 1.103
1978.402 1.107
1979.519 1.117
1980.658 1.138
1981.767 1.109
1982.888 1.121
1984.021 1.132
1985.146 1.125
1986.257 1.111
1987.390 1.132
1988.529 1.138
1989.636 1.107
1990.710 1.074
1991.806 1.095
1992.910 1.103
1994.013 1.103
1995.109 1.095
1996.173 1.064
1997.271 1.097
1998.390 1.119
1999.500 1.109
2000.603 1.103
2001.744 1.140
2002.884 1.140
2004.027 1.142
2005.164 1.136
2006.314 1.150
2007.457 1.142
2008.589 1.132
2009.703 1.113
2010.832 1.128
2011.962 1.130
2013.074 1.111
2014.164 1.089
2015.261 1.097
2016.365 1.103
2017.472 1.107
2018.558 1.085
2019.625 1.066
2020.691 1.066
2021.789 1.097
2022.863 1.074
2023.884 1.021
2024.935 1.050
2026.011 1.076
2027.072 1.060
2028.162 1.089
2029.285 1.123
2030.384 1.099
2031.458 1.074
2032.566 1.107
2033.685 1.119
2034.794 1.109
2035.865 1.070
2036.929 1.064
2038.007 1.078
2039.082 1.074
2040.146 1.064
2041.156 1.009
2042.205 1.048
2043.236 1.031
2044.261 1.025
2045.234 0.972
2046.324 1.089
2047.369 1.044
2048.437 1.068
2049.462 1.025
2050.464 1.001
2051.537 1.072
2052.669 1.132
2053.792 1.123
2054.861 1.068
2056.011 1.150
2057.144 1.132
2058.251 1.107
2059.312 1.060
2060.388 1.076
2061.523 1.134
2062.656 1.132
2063.763 1.107
2064.851 1.087
2065.921 1.070
2066.984 1.062
2067.957 0.972
2068.839 0.882
2069.701 0.861
2070.542 0.841
2071.396 0.853
2072.248 0.851
2073.076 0.828
2073.894 0.818
2074.703 0.808
2075.498 0.794
2076.283 0.785
2077.082 0.798
2077.900 0.818
2078.773 0.873
2079.804 1.031
2080.968 1.164
2082.105 1.136
2083.238 1.132
2084.357 1.119
2085.488 1.130
2086.634 1.146
2087.785 1.150
2088.916 1.130
2090.031 1.115
2091.164 1.132
2092.298 1.134
2093.441 1.142
2094.574 1.132
2095.689 1.115
2096.822 1.132
2097.966 1.144
2099.083 1.117
2100.195 1.111
2101.318 1.123
2102.429 1.111
2103.562 1.132
2104.671 1.109
2105.755 1.083
2106.841 1.085
2107.949 1.107
2109.044 1.095
2110.177 1.132
2111.335 1.158
2112.492 1.156
2113.634 1.142
2114.796 1.162
2115.951 1.154
2117.083 1.132
2118.207 1.123
2119.343 1.136
2120.468 1.125
2121.583 1.115
2122.728 1.144
2123.890 1.162
2125.041 1.150
2126.208 1.167
2127.357 1.148
2128.517 1.160
2129.664 1.146
2130.800 1.136
2131.962 1.162
2133.138 1.175
2134.285 1.146
2135.398 1.113
2136.531 1.132
2137.656 1.125
2138.755 1.099
2139.871 1.115
2140.986 1.115
2142.101 1.115
2143.183 1.082
2144.275 1.091
2145.363 1.087
2146.447 1.083
2147.564 1.117
2148.697 1.132
2149.798 1.101
2150.898 1.099
2152.035 1.136
2153.201 1.166
2154.326 1.125
2155.468 1.142
2156.611 1.142
2157.744 1.132
2158.863 1.119
2159.996 1.132
2161.146 1.150
2162.263 1.117
2163.384 1.121
2164.548 1.164
2165.699 1.150
2166.855 1.156
2167.933 1.078
2169.005 1.072
2170.093 1.087
2171.193 1.099
2172.289 1.095
2173.412 1.123
2174.560 1.148
2175.699 1.138
2176.869 1.169
2178.068 1.199
2179.230 1.162
2180.355 1.125
2181.494 1.138
2182.617 1.123
2183.716 1.099
2184.861 1.144
2185.996 1.134
2187.121 1.125
2188.234 1.113
2189.345 1.111
2190.492 1.146
2191.621 1.128
2192.744 1.123
2193.898 1.154
2195.046 1.148
2196.150 1.103
2197.277 1.126
2198.417 1.140
2199.574 1.156
2200.703 1.128
2201.841 1.138
2202.962 1.121
2204.048 1.085
2205.152 1.103
2206.292 1.140
2207.419 1.126
2208.527 1.107
2209.652 1.125
2210.769 1.117
2211.884 1.115
2212.992 1.107
2214.121 1.128
2215.255 1.134
2216.363 1.107
2217.509 1.146
2218.662 1.152
2219.785 1.123
2220.908 1.123
2222.041 1.132
2223.166 1.125
2224.246 1.080
2225.300 1.054
2226.230 0.929
2227.894 1.664
2228.718 0.824
2229.656 0.937
2230.826 1.169
2231.939 1.113
2233.125 1.185
2234.330 1.205
2235.486 1.156
2236.662 1.175
2237.832 1.169
2238.951 1.119
2240.078 1.126
2241.203 1.125
2242.302 1.099
2243.382 1.080
2244.490 1.107
2245.597 1.107
2246.671 1.074
2247.781 1.109
2248.910 1.128
2250.046 1.136
2251.164 1.117
2252.304 1.140
2253.458 1.154
2254.593 1.134
2255.703 1.109
2256.808 1.105
2257.929 1.121
2259.070 1.140
2260.191 1.121
2261.304 1.113
2262.433 1.128
2263.568 1.134
2264.675 1.107
2265.812 1.136
2266.966 1.154
2268.109 1.142
2269.234 1.125
2270.363 1.128
2271.509 1.146
2272.648 1.138
2273.771 1.123
2274.931 1.160
2276.089 1.158
2277.236 1.146
2278.369 1.132
2279.511 1.142
2280.650 1.138
2281.753 1.103
2282.859 1.105
2283.980 1.121
2285.115 1.134
2286.230 1.115
2287.339 1.109
2288.462 1.123
2289.591 1.128
2290.683 1.091
2291.718 1.035
2292.777 1.058
2293.837 1.060
2294.841 1.003
2295.857 1.015
2296.912 1.054
2297.945 1.033
2298.994 1.048
2300.087 1.093
2301.205 1.117
2302.287 1.082
2303.359 1.072
2304.386 1.027
2305.378 0.992
2306.378 1.000
2307.490 1.111
2308.658 1.167
2309.777 1.119
2310.896 1.119
2312.029 1.132
2313.148 1.119
2314.201 1.052
2315.261 1.060
2316.384 1.123
2317.490 1.105
2318.568 1.078
2319.640 1.072
2320.732 1.091
2321.769 1.037
2322.777 1.007
2323.796 1.019
2324.830 1.033
2325.871 1.041
2327.091 1.220
2328.250 1.158
2329.376 1.126
2330.505 1.128
2331.638 1.132
2332.732 1.093
2333.826 1.093
2334.925 1.099
2336.027 1.101
2337.023 0.996
2338.072 1.048
2339.197 1.125
2340.287 1.089
2341.339 1.052
2342.476 1.136
2343.611 1.134
2344.677 1.066
2345.771 1.093
2346.898 1.126
2347.951 1.052
2348.917 0.966
2349.800 0.882
2350.660 0.859
2351.476 0.816
2352.277 0.800
2353.072 0.794
2353.884 0.812
2354.689 0.804
2355.507 0.818
2356.414 0.906
2357.605 1.191
2358.773 1.167
2359.900 1.126
2361.056 1.156
2362.234 1.177
2363.416 1.181
2364.566 1.150
2365.693 1.126
2366.847 1.154
2367.996 1.148
2369.117 1.121
2370.199 1.082
2371.310 1.111
2372.437 1.126
2373.556 1.119
2374.652 1.095
2375.697 1.044
2376.802 1.105
2377.923 1.121
2379.083 1.160
2380.222 1.138
2381.267 1.044
2382.330 1.062
2383.441 1.111
2384.560 1.119
2385.691 1.130
2386.789 1.097
2387.949 1.160
2389.095 1.146
2390.246 1.150
2391.384 1.138
2392.527 1.142
2393.710 1.183
2394.867 1.156
2396.009 1.142
2397.111 1.101
2398.255 1.144
2399.396 1.140
2400.539 1.142
2401.675 1.136
2402.796 1.121
2403.931 1.134
2405.060 1.128
2406.193 1.132
2407.285 1.091
2408.382 1.097
2409.521 1.138
2410.621 1.099
2411.695 1.074
2412.707 1.011
2413.826 1.119
2414.988 1.162
2416.126 1.138
2417.207 1.080
2418.259 1.052
2419.425 1.166
2420.523 1.097
2421.568 1.044
2422.582 1.013
2423.615 1.033
2424.707 1.091
2425.800 1.093
2426.875 1.074
2427.919 1.044
2428.996 1.076
2430.115 1.119
2431.289 1.173
2432.400 1.111
2433.509 1.109
2434.648 1.138
2435.779 1.130
2436.892 1.113
2438.015 1.123
2439.152 1.136
2440.302 1.150
2441.412 1.109
2442.521 1.109
2443.630 1.109
2444.759 1.128
2445.859 1.099
2446.935 1.076
2448.033 1.097
2449.169 1.136
2450.279 1.109
2451.318 1.039
2452.367 1.048
2453.474 1.107
2454.625 1.150
2455.759 1.134
2456.818 1.058
2457.861 1.042
2458.943 1.082
2460.029 1.085
2461.099 1.070
2462.097 0.998
2463.144 1.046
2464.292 1.148
2465.400 1.107
2466.398 0.998
2467.390 0.992
2468.572 1.181
2469.710 1.138
2470.802 1.091
2471.875 1.072
2472.964 1.089
2474.105 1.140
2475.201 1.095
2476.226 1.025
2477.257 1.031
2478.449 1.191
2479.548 1.099
2480.572 1.023
2481.556 0.984
2482.574 1.017
2483.626 1.052
2484.671 1.044
2485.662 0.990
2486.710 1.048
2487.896 1.185
2489.064 1.167
2490.203 1.138
2491.314 1.111
2492.451 1.136
2493.609 1.158
2494.748 1.138
2495.875 1.126
2496.964 1.089
2498.072 1.107
2499.142 1.070
2500.203 1.060
2501.218 1.015
2502.251 1.033
2503.314 1.062
2504.394 1.080
2505.435 1.041
2506.460 1.025
2507.525 1.064
2508.634 1.109
2509.695 1.060
2510.722 1.027
2511.802 1.080
2512.902 1.099
2513.986 1.083
2515.011 1.025
2515.994 0.982
2517.134 1.140
2518.244 1.109
2519.285 1.041
2520.257 0.972
2521.324 1.066
2522.423 1.099
2523.556 1.132
2524.626 1.070
2525.708 1.082
2526.810 1.101
2527.937 1.126
2529.017 1.080
2530.093 1.076
2531.187 1.093
2532.281 1.093
2533.333 1.052
2534.351 1.017
2535.388 1.037
2536.482 1.093
2537.564 1.082
2538.634 1.070
2539.656 1.021
2540.751 1.095
2541.859 1.107
2542.945 1.085
2544.025 1.080
2545.125 1.099
2546.220 1.095
2547.367 1.146
2548.441 1.074
2549.496 1.054
2550.550 1.054
2551.589 1.039
2552.580 0.990
2553.644 1.064
2554.794 1.150
2555.929 1.134
2557.031 1.101
2558.138 1.107
2559.228 1.089
2560.289 1.060
2561.275 0.986
2562.292 1.017
2563.355 1.062
2564.445 1.089
2565.500 1.054
2566.609 1.109
2567.750 1.140
2568.902 1.152
2570.083 1.181
2571.150 1.066
2572.236 1.085
2573.345 1.109
2574.441 1.095
2575.537 1.095
2576.693 1.156
2577.861 1.167
2578.968 1.107
2580.123 1.154
2581.246 1.123
2582.363 1.117
2583.464 1.101
2584.535 1.070
2585.640 1.105
2586.689 1.048
2587.740 1.050
2588.798 1.058
2589.849 1.050
2590.976 1.126
2592.064 1.087
2593.220 1.156
2594.371 1.150
2595.503 1.132
2596.548 1.044
2597.621 1.072
2598.750 1.128
2599.835 1.085
2600.865 1.029
2601.910 1.044
2603.021 1.111
2604.173 1.152
2605.238 1.064
2606.283 1.044
2607.361 1.078
2608.474 1.113
2609.578 1.103
2610.636 1.058
2611.744 1.107
2612.875 1.130
2613.988 1.113
2615.068 1.080
2616.191 1.123
2617.314 1.123
2618.417 1.103
2619.478 1.060
2620.556 1.078
2621.685 1.128
2622.761 1.076
2623.792 1.031
2624.804 1.011
2625.847 1.042
2626.986 1.138
2628.097 1.111
2629.119 1.021
2630.224 1.105
2631.298 1.074
2632.320 1.021
2633.337 1.017
2634.390 1.052
2635.521 1.130
2636.630 1.109
2637.716 1.085
2638.808 1.091
2639.947 1.138
2641.113 1.166
2642.240 1.126
2643.314 1.074
2644.423 1.109
2645.535 1.111
2646.570 1.035
2647.685 1.115
2648.757 1.072
2649.757 1.000
2650.751 0.994
2651.839 1.087
2652.960 1.121
2654.048 1.087
2655.117 1.068
2656.242 1.125
2657.384 1.142
2658.464 1.080
2659.488 1.023
2660.542 1.054
2661.652 1.109
2662.718 1.066
2663.736 1.017
2664.785 1.048
2665.890 1.105
2666.945 1.054
2667.937 0.992
2668.962 1.025
2670.095 1.132
2671.154 1.058
2672.156 1.001
2673.207 1.050
2674.304 1.097
2675.398 1.093
2676.462 1.064
2677.517 1.054
2678.671 1.154
2679.775 1.103
2680.857 1.082
2681.953 1.095
2683.080 1.126
2684.154 1.074
2685.187 1.033
2686.269 1.082
2687.392 1.123
2688.500 1.107
2689.542 1.042
2690.671 1.128
2691.833 1.162
2692.933 1.099
2694.011 1.078
2695.193 1.181
2696.324 1.130
2697.416 1.091
2698.517 1.101
2699.630 1.113
2700.673 1.042
2701.650 0.976
2702.646 0.996
2703.664 1.017
2704.710 1.046
2705.701 0.990
2706.699 0.998
2707.777 1.078
2708.869 1.091
2709.914 1.044
2710.988 1.074
2712.107 1.119
2713.197 1.089
2714.212 1.015
2715.244 1.031
2716.355 1.111
2717.408 1.052
2718.425 1.017
2719.484 1.058
2720.605 1.121
2721.687 1.082
2722.705 1.017
2723.759 1.054
2724.890 1.130
2725.957 1.066
2726.988 1.031
2728.074 1.085
2729.205 1.130
2730.277 1.072
2731.271 0.994
2732.306 1.035
2733.386 1.080
2734.427 1.041
2735.457 1.029
2736.546 1.089
2737.660 1.113
2738.742 1.082
2739.763 1.021
2740.791 1.027
2741.863 1.072
2742.925 1.062
2743.923 0.998
2744.923 1.000
2745.992 1.068
2747.035 1.042
2748.000 0.964
2749.000 1.000
2750.023 1.023
2751.046 1.023
2752.064 1.017
2753.033 0.968
2754.060 1.027
2755.126 1.066
2756.173 1.046
2757.177 1.003
2758.289 1.111
2759.367 1.078
2760.337 0.970
2761.314 0.976
2762.341 1.027
2763.386 1.044
2764.417 1.031
2765.472 1.054
2766.621 1.148
2767.646 1.025
2768.625 0.978
2769.544 0.919
2770.412 0.867
2771.224 0.812
2772.017 0.792
2772.804 0.787
2773.605 0.800
2774.451 0.845
2775.474 1.023
2776.626 1.152
2777.777 1.150
2778.917 1.140
2780.007 1.089
2781.089 1.082
2782.234 1.144
2783.337 1.103
2784.414 1.076
2785.580 1.166
2786.744 1.164
2787.875 1.130
2788.953 1.078
2790.064 1.111
2791.210 1.146
2792.294 1.083
2793.332 1.037
2794.447 1.115
2795.562 1.115
2796.583 1.021
2797.630 1.046
2798.689 1.058
2799.695 1.005
2800.677 0.982
2801.710 1.033
2802.773 1.062
2803.810 1.037
2804.791 0.980
2805.855 1.064
2806.966 1.111
2808.048 1.082
2809.070 1.021
2810.066 0.996
2811.095 1.029
2812.097 1.001
2813.091 0.994
2814.152 1.060
2815.265 1.113
2816.353 1.087
2817.455 1.101
2818.533 1.078
2819.626 1.093
2820.683 1.056
2821.732 1.048
2822.792 1.060
2823.804 1.011
2824.898 1.093
2826.021 1.123
2827.072 1.050
2828.142 1.070
2829.234 1.091
2830.238 1.003
2831.265 1.027
2832.306 1.041
2833.320 1.013
2834.271 0.951
2835.203 0.931
2836.068 0.865
2836.882 0.814
2837.691 0.808
2838.505 0.814
2839.337 0.832
2840.248 0.910
2841.265 1.017
2842.515 1.250
2843.695 1.179
2844.832 1.136
2845.996 1.164
2847.169 1.173
2848.332 1.162
2849.429 1.097
2850.576 1.146
2851.724 1.148
2852.867 1.142
2853.945 1.078
2855.060 1.115
2856.189 1.128
2857.320 1.130
2858.410 1.089
2859.531 1.121
2860.656 1.125
2861.775 1.119
2862.859 1.083
2863.978 1.119
2865.095 1.117
2866.212 1.117
2867.275 1.062
2868.347 1.072
2869.421 1.074
2870.496 1.074
2871.529 1.033
2872.560 1.031
2873.660 1.099
2874.783 1.123
2875.917 1.134
2877.003 1.085
2878.087 1.083
2879.214 1.126
2880.302 1.087
2881.332 1.029
2882.365 1.033
2883.414 1.048
2884.462 1.048
2885.501 1.039
2886.488 0.986
2887.480 0.992
2888.488 1.007
2889.519 1.031
2890.548 1.029
2891.548 1.000
2892.585 1.037
2893.685 1.099
2894.800 1.115
2895.886 1.085
2896.921 1.035
2898.029 1.107
2899.105 1.076
2900.183 1.078
2901.210 1.027
2902.226 1.015
2903.320 1.093
2904.388 1.068
2905.417 1.029
2906.400 0.982
2907.478 1.078
2908.574 1.095
2909.593 1.019
2910.570 0.976
2911.628 1.058
2912.748 1.119
2913.849 1.101
2914.904 1.054
2915.978 1.074
2917.138 1.160
2918.234 1.095
2919.263 1.029
2920.261 0.998
2921.291 1.029
2922.306 1.015
2923.328 1.021
2924.333 1.005
2925.369 1.035
2926.527 1.158
2927.660 1.132
2928.726 1.066
2929.773 1.046
2930.880 1.107
2931.996 1.115
2933.076 1.080
2934.093 1.017
2935.148 1.054
2936.195 1.046
2937.232 1.037
2938.240 1.007
2939.251 1.011
2940.308 1.056
2941.451 1.142
2942.533 1.082
2943.544 1.011
2944.597 1.052
2945.675 1.078
2946.736 1.060
2947.726 0.990
2948.712 0.986
2949.875 1.162
2951.009 1.134
2952.083 1.074
2953.080 0.996
2954.130 1.050
2955.193 1.062
2956.294 1.101
2957.361 1.066
2958.394 1.033
2959.439 1.044
2960.507 1.068
2961.531 1.023
2962.519 0.988
2963.550 1.031
2964.652 1.101
2965.783 1.130
2966.841 1.058
2967.892 1.050
2968.994 1.101
2970.058 1.064
2971.050 0.992
2972.017 0.966
2973.031 1.013
2974.074 1.042
2975.085 1.011
2976.085 1.000
2977.156 1.070
2978.263 1.107
2979.339 1.076
2980.375 1.035
2981.439 1.064
2982.548 1.109
2983.638 1.089
2984.652 1.013
2985.630 0.978
2986.621 0.990
2987.628 1.007
2988.638 1.009
2989.621 0.982
2990.628 1.007
2991.697 1.068
2992.787 1.089
2993.832 1.044
2994.906 1.074
2996.021 1.115
2997.117 1.095
2998.189 1.072
2999.253 1.064
3000.328 1.074
3001.427 1.099
3002.507 1.080
3003.539 1.031
3004.558 1.019
3005.695 1.136
3006.767 1.072
3007.734 0.966
